T_in_mean,T_out_mean,U_mean,crps,delta_T_mean,lengthscale_mean,omega0_mean,pi_gate_mean,pi_gate_test_mean,r_mean,r_min,rmse,rmse_pi1,s_max,s_mean,sigma_v_mean,sigma_w_mean,std_mu_f,std_mu_y,step,variant
-1407826.3746512928,-2.0329265248827117,0.6689348220825195,807.4404907226562,-1407824.341724768,0.5467745661735535,1.233365774154663,0.5739181393458614,0.5479123670900987,0.0,0.0,813.1977060827028,813.2581176757812,11.858628273010254,6.173873424530029,0.19975236058235168,0.5058842301368713,0.002104091690853238,0.12402589400787616,75,C2
-1407831.1890939376,-0.35768066656115727,0.7802194356918335,807.6202392578125,-1407830.831413271,1.1196790933609009,0.8453742861747742,0.06754507575467494,0.015352586682610364,0.0,0.0,813.0664226251265,813.2583618164062,12.78465747833252,6.319056510925293,0.4800388514995575,0.510735273361206,5.363339732866734e-05,0.024581111210270522,150,C2
-1407827.4214050067,-1.1556741819504988,0.6689348220825195,807.4634399414062,-1407826.2657308248,0.5983052253723145,-0.9654859304428101,0.3219258203914761,0.30211140086863314,0.0,0.0,813.1382216504709,813.258056640625,11.96577262878418,6.244895935058594,0.19975240528583527,0.508843183517456,0.002343387110158801,0.10123720723695928,75,C3
-1407830.5020993354,-0.33723397204689554,0.7802194356918335,807.59326171875,-1407830.1648653634,1.1587551832199097,-1.3169870376586914,0.06121028433594695,0.030109373782779718,0.0,0.0,813.0683187780019,813.2584228515625,12.032806396484375,6.062946319580078,0.4752219319343567,0.5010258555412292,0.00016000574396457523,0.033272553883475484,150,C3
-1407827.5237522966,-2.921367931427768,0.5,807.4652709960938,-1407824.6023843652,0.6014041304588318,-0.25015732645988464,0.4839521284673411,0.4814809575972127,0.0,0.0,813.1936545333278,813.2579345703125,13.546829223632812,7.221848011016846,0.199753537774086,0.5476734638214111,0.0022667660377919674,0.03787375973813424,75,C4
-1407827.5342182235,-2.8108818694378344,0.5,807.4657592773438,-1407824.7233363537,0.7338692545890808,-0.25015732645988464,0.4829935366270864,0.4807405510277737,0.0,0.0,813.1936258005836,813.258056640625,12.120563507080078,6.458983421325684,0.4812560975551605,0.5179376602172852,0.0017665752675384283,0.0399015399882263,150,C4
-1407827.4215343576,-2.0667790019982375,0.2689414620399475,807.564453125,-1407825.3547553553,0.5981892943382263,-0.965559184551239,0.3218930452023787,0.30207460543855347,0.0,0.0,813.2099777930497,813.258056640625,11.965368270874023,6.244663715362549,0.19975240528583527,0.5088335275650024,0.002343299798667431,0.04087873616247626,75,C5
-1407830.5135451078,-1.4018889363725693,0.2689414620399475,807.712646484375,-1407829.1116561713,1.1577459573745728,-1.3171955347061157,0.060904805718997375,0.029847382926902283,0.0,0.0,813.1927083597001,813.2584228515625,12.034518241882324,6.063368797302246,0.4752259850502014,0.5010409951210022,0.00015834289661142975,0.011429060154508978,150,C5
